type,watch,cloth,pre1,pre2,pre3,age,gender,length,frequency,preference,confidence,infosearch,lowprice,tendInfo1,tendInfo2,tendInfo3,fatigue1,fatigue2,fatigue3,fatigue4,involve1,involve2,involve3,involve4,involve5,involve6,benefit1,benefit2,benefit3,riskPrice1,riskPrice2,riskPrice3,riskQuality1,riskQuality2,riskQuality3,riskMatch1,riskMatch2,riskMatch3,benefit4,benefit5,benefit6,choice1,choice2,choice3
2,0,0,0,3,1,3,0,5,5,2,3,3,3,4,4,3,3,3,3,3,4,3,4,3,3,3,3,3,3,3,3,3,3,2,3,3,2,3,3,3,3,3,3,3
2,0,0,1,3,1,2,1,5,2,4,5,4,4,5,4,5,4,2,2,2,4,4,3,4,4,4,4,5,4,4,4,3,4,4,4,4,4,3,4,3,3,4,3,3
2,0,0,1,3,1,2,0,5,2,3,4,5,5,4,5,3,4,2,2,2,2,2,4,2,3,2,2,2,2,2,2,2,3,2,2,2,3,2,4,4,4,2,3,4
2,0,0,0,1,0,3,0,5,4,3,3,3,3,3,3,3,3,3,3,3,4,4,3,2,4,3,2,2,3,2,2,3,3,2,2,3,3,2,4,4,3,3,2,4
2,0,0,0,3,0,3,0,5,3,3,4,4,5,4,5,5,3,3,2,1,5,4,4,4,4,3,4,4,4,3,4,4,5,4,4,4,4,4,3,3,3,3,3,3
2,0,0,0,3,0,2,0,5,3,3,2,3,4,4,4,5,4,2,4,4,3,3,2,4,3,4,4,4,4,5,5,4,5,5,5,5,3,2,4,4,3,2,4,3
2,0,0,1,3,0,3,0,5,3,4,4,4,4,5,4,5,3,4,3,3,4,4,4,4,3,3,4,3,4,4,5,5,3,3,4,4,4,4,2,2,2,1,3,1
2,0,0,0,1,0,2,1,5,4,3,4,5,5,4,5,2,3,2,2,2,5,5,5,5,5,5,4,4,4,2,2,2,2,2,2,2,2,2,3,4,4,4,4,4
2,0,0,1,3,1,3,0,5,3,2,3,4,5,4,4,4,4,4,5,2,4,4,3,5,3,4,4,3,3,4,5,3,2,2,4,2,2,2,4,4,4,3,4,4
2,0,0,1,3,0,2,1,5,3,2,2,3,1,4,4,2,5,1,5,1,5,5,5,5,1,3,4,4,4,2,4,3,1,1,1,1,1,1,5,5,5,4,5,5
2,0,0,0,3,0,3,0,5,3,4,5,5,5,5,5,4,3,3,4,2,4,3,4,5,2,2,3,3,3,4,5,5,1,2,3,3,4,2,4,3,3,3,5,3
2,0,0,1,3,1,2,1,5,5,5,5,5,5,5,5,5,1,1,1,1,5,2,4,5,1,2,2,2,1,4,5,5,5,2,2,5,4,4,1,1,2,1,2,1
2,0,0,1,3,1,2,0,5,3,4,2,4,4,5,5,5,3,3,2,4,2,2,3,3,4,4,2,2,3,4,4,3,3,4,4,1,3,3,2,3,2,2,4,3
2,0,0,0,3,1,3,0,5,4,4,4,4,5,5,5,3,2,3,2,3,4,4,3,5,4,4,3,4,4,3,4,2,4,4,4,2,4,2,4,4,3,3,4,1
2,0,0,1,1,0,2,1,5,4,4,4,4,3,4,4,3,3,2,4,2,4,4,3,4,4,4,4,4,4,5,4,5,2,2,3,3,3,3,4,4,4,4,4,5
2,0,0,0,3,0,2,1,2,4,2,3,4,4,4,4,4,2,2,3,2,4,4,4,4,3,3,3,3,3,4,4,4,4,4,4,4,4,4,2,2,2,2,3,3
2,0,0,0,3,1,2,1,5,3,4,4,4,5,3,2,4,3,4,3,2,4,4,4,5,2,2,3,2,3,4,4,5,3,2,4,3,4,3,4,3,4,2,4,4
2,0,0,0,1,0,2,0,4,3,2,4,4,2,4,5,2,5,5,4,5,5,4,5,5,4,4,4,2,4,3,5,5,5,5,5,3,5,5,4,4,4,4,4,4
2,0,0,0,3,1,3,0,5,3,4,5,5,5,4,4,3,4,4,3,4,4,3,4,2,5,5,4,3,4,4,4,5,3,3,4,3,3,4,4,3,4,4,4,4
2,0,0,1,3,0,2,0,1,3,3,2,3,4,4,4,2,4,4,4,4,3,2,3,3,4,3,3,3,3,4,4,3,4,4,4,4,5,4,5,3,3,4,4,3
2,0,0,1,3,0,3,0,5,4,3,3,2,2,2,4,2,4,4,3,3,3,4,3,4,3,3,3,3,3,4,4,4,3,3,4,3,4,4,3,3,3,3,3,3
2,0,0,0,3,0,2,0,5,3,3,4,5,4,4,4,5,3,4,2,4,5,5,3,4,3,3,3,3,3,3,4,4,3,3,3,3,3,3,4,4,3,3,3,3
2,0,0,0,2,0,2,0,5,2,2,1,5,5,4,2,5,2,2,1,3,2,1,3,1,3,2,4,4,4,3,3,2,4,3,4,2,2,2,4,4,4,3,4,4
2,0,0,0,3,0,2,0,5,1,1,2,4,3,4,3,4,2,3,2,4,2,2,2,2,3,3,3,3,3,4,3,3,3,3,3,4,4,4,3,3,2,3,3,3
2,0,0,1,3,1,2,0,4,3,5,5,5,5,5,5,5,4,3,3,4,5,3,3,5,4,5,4,4,3,5,5,5,2,2,4,3,3,4,5,4,4,1,3,2
2,0,0,0,3,0,2,1,5,3,1,3,5,4,5,4,2,4,4,4,2,4,4,5,5,2,3,4,5,5,5,4,4,2,2,4,2,2,1,4,5,5,4,5,4
2,0,0,1,3,0,2,0,5,3,4,2,5,5,3,2,3,5,1,5,1,3,3,1,3,3,3,3,3,3,3,3,3,3,3,3,3,3,3,3,3,3,1,3,3
2,0,0,0,3,0,2,0,5,3,2,3,4,5,4,4,5,4,2,4,3,3,2,2,5,4,4,4,4,4,3,4,4,3,4,4,4,4,3,4,4,4,4,4,4
2,0,0,1,3,1,2,0,4,3,2,3,4,5,5,4,5,2,2,2,4,4,3,3,4,2,5,4,3,4,2,4,4,3,4,5,3,4,4,3,5,4,2,3,4
2,0,0,1,3,1,2,0,5,3,2,3,4,4,4,3,2,2,2,2,4,4,2,3,3,2,3,4,3,4,2,2,2,2,2,2,2,2,2,4,4,4,4,4,4
2,0,0,1,1,1,2,0,2,2,1,2,2,4,5,5,3,2,4,2,1,1,1,1,1,5,5,3,2,2,5,5,2,4,5,5,5,5,4,5,4,4,2,3,2
2,0,0,0,1,0,3,0,1,2,1,2,2,1,3,5,4,5,5,5,3,5,5,2,5,5,5,5,5,5,3,2,2,2,2,2,3,3,3,5,5,5,5,4,4
2,0,0,0,3,0,2,1,5,3,3,4,5,5,5,5,4,2,2,2,3,5,3,5,5,4,4,4,4,4,5,5,5,2,2,2,3,2,2,4,5,4,2,4,3
2,0,0,0,3,0,3,0,5,2,2,3,4,4,5,4,4,2,2,2,4,4,2,3,4,4,4,4,3,4,4,4,5,3,3,5,4,4,2,4,3,2,2,3,2
2,0,0,0,3,0,2,0,3,4,3,4,5,5,3,2,2,2,3,3,1,4,3,4,4,3,3,4,3,4,3,3,4,4,4,4,3,4,4,5,3,5,4,4,3
2,0,0,0,1,0,2,1,5,3,4,4,4,4,4,5,2,3,3,4,1,4,2,2,4,4,5,4,4,4,3,4,3,3,4,2,3,1,1,4,4,4,4,4,3
2,0,0,0,3,0,2,0,5,4,4,4,5,5,4,4,4,2,2,3,3,4,4,3,3,4,4,3,3,3,2,2,2,4,4,4,4,3,4,4,3,3,4,4,4
2,0,0,0,3,1,2,0,1,3,2,2,5,3,4,3,5,4,2,3,3,5,3,4,5,2,2,3,5,3,2,4,5,3,4,3,5,4,5,4,5,2,3,3,4
2,0,0,0,3,0,2,0,1,3,2,4,3,5,5,3,4,4,5,3,3,4,4,4,5,2,5,4,3,3,5,4,2,4,3,4,2,5,3,4,3,3,3,3,4
2,0,0,0,3,1,2,0,4,2,3,4,4,5,5,5,3,1,1,1,3,2,2,1,1,3,4,4,4,4,3,4,5,2,4,2,4,3,4,4,3,3,2,3,2
2,0,0,0,1,0,3,0,5,3,3,3,4,4,4,4,5,2,1,2,2,4,4,5,4,3,4,4,5,4,3,3,2,2,2,2,2,2,2,4,4,4,4,4,4
2,0,0,0,3,0,2,0,5,3,4,4,4,4,4,4,4,3,4,4,4,4,3,4,4,3,4,3,3,3,3,4,4,4,4,4,4,4,4,2,3,3,3,3,3
2,0,0,1,3,0,2,1,5,3,4,3,3,4,4,4,5,3,2,2,2,5,5,4,5,2,2,4,4,4,3,2,2,4,3,4,2,2,3,4,4,4,4,4,3
2,0,0,1,3,0,3,0,5,3,4,4,4,4,4,4,4,3,2,2,2,3,2,2,3,3,3,4,4,4,5,4,4,2,2,4,3,3,3,4,4,4,4,4,3
2,0,0,0,3,0,2,0,5,3,1,3,4,4,5,5,5,2,2,4,1,2,1,1,2,4,5,4,4,3,5,4,3,2,2,4,2,2,2,3,3,3,2,4,2
2,0,0,1,3,1,2,1,5,3,1,4,5,4,5,5,1,3,2,1,1,5,4,4,5,2,3,2,1,1,4,4,5,2,5,3,2,2,1,4,2,2,1,1,1
2,0,0,0,3,0,2,0,5,4,5,5,5,5,5,5,5,1,1,1,1,3,2,2,4,2,2,4,3,2,5,5,5,2,2,2,2,2,2,2,2,2,1,3,1
2,0,0,0,1,0,2,1,5,3,2,3,3,3,4,3,3,3,2,3,3,5,5,4,5,4,4,4,4,4,4,3,4,3,3,3,3,3,3,2,3,2,2,2,3
2,0,0,0,3,0,2,0,5,1,2,3,4,4,5,5,5,2,2,4,4,2,2,2,3,3,4,4,4,4,3,5,4,3,3,3,2,2,2,4,4,3,4,4,4
2,0,0,1,3,0,2,0,5,3,3,4,4,4,3,4,4,3,4,4,3,3,2,2,4,3,3,3,3,3,4,4,2,2,3,2,3,3,2,4,4,4,1,1,1
2,0,0,1,3,1,2,1,5,4,4,4,4,5,4,3,4,3,2,4,2,4,3,5,5,4,4,3,4,4,3,4,4,2,2,2,1,1,1,3,3,3,3,4,3
2,0,0,1,3,0,3,0,5,3,2,4,4,5,4,4,4,5,5,4,5,2,1,2,4,3,2,4,3,3,5,5,5,1,2,3,3,2,1,4,3,2,2,2,2
2,0,0,1,3,1,3,0,5,4,5,5,5,5,5,5,5,2,2,2,4,2,1,1,1,3,3,3,4,4,2,2,2,3,4,4,4,3,2,4,4,4,4,4,4
2,0,0,1,3,0,2,0,5,3,4,4,5,5,5,5,4,2,1,1,1,3,1,4,5,4,3,4,3,3,4,5,4,2,3,3,4,3,4,2,3,2,2,3,2
2,0,0,0,1,0,3,0,1,3,5,4,4,4,5,4,4,3,3,4,4,3,3,4,3,4,4,5,4,4,3,2,2,2,2,3,4,3,3,5,5,4,4,4,5
2,0,0,1,3,0,2,1,5,5,5,3,5,5,5,4,5,2,1,2,1,5,3,5,5,4,5,3,3,2,5,3,4,4,4,2,3,3,3,3,3,3,2,2,2
2,0,0,1,3,1,4,1,5,3,3,3,4,3,2,2,2,4,2,3,3,5,4,4,4,3,3,2,3,3,2,3,2,3,3,3,3,2,3,4,3,4,3,4,4
2,0,0,1,3,0,2,1,5,3,3,4,4,5,4,4,4,2,2,2,1,4,2,2,4,2,3,4,3,4,4,4,4,4,4,4,3,3,3,5,4,4,2,3,3
2,0,0,0,3,0,3,1,5,3,4,4,4,4,5,4,4,3,2,4,3,5,4,4,5,3,4,4,3,4,3,4,4,3,2,3,4,4,3,5,4,4,3,4,4
2,0,0,1,3,0,2,1,5,5,3,4,4,4,4,5,4,3,3,4,4,5,5,5,5,4,4,3,3,3,4,4,3,4,4,4,5,4,4,4,4,3,4,3,4
2,0,0,0,3,0,3,1,5,4,4,5,4,4,5,3,4,2,3,4,3,5,5,5,5,4,3,4,3,4,3,5,4,3,3,3,4,3,4,4,4,4,3,4,3
2,0,0,1,2,1,2,1,5,5,1,2,5,4,4,4,4,2,2,4,3,5,5,5,5,4,4,4,4,4,5,5,5,2,3,3,2,4,4,3,3,3,4,4,4
2,0,0,1,3,1,2,0,5,2,2,3,4,4,5,5,4,3,4,4,5,4,4,2,4,4,3,3,3,3,4,5,4,2,4,4,4,4,4,2,3,3,2,3,3
2,0,0,1,3,0,2,1,5,3,3,4,5,5,3,5,5,5,5,5,5,5,2,4,5,2,1,4,1,5,5,5,5,4,5,5,1,1,1,5,2,2,1,5,2
2,0,0,1,3,1,3,1,5,3,5,5,5,4,5,4,5,2,2,3,2,3,2,3,3,4,4,4,3,4,4,4,4,3,3,3,4,4,4,4,3,3,2,3,2
2,0,0,1,3,0,2,0,3,2,1,1,5,4,5,5,3,2,2,2,2,4,2,1,1,4,4,3,3,3,4,4,4,4,4,4,5,4,2,4,4,4,2,4,2
2,0,0,1,3,0,2,1,5,3,3,3,4,4,4,4,3,2,2,3,2,5,5,5,5,3,3,3,3,3,4,4,4,3,4,4,4,3,4,2,2,2,2,3,2
2,0,0,0,1,0,2,1,5,3,3,4,3,4,4,4,4,3,4,3,4,4,5,4,3,4,3,4,4,3,4,3,3,4,3,4,3,3,3,3,3,3,3,3,3
2,0,0,0,1,1,2,1,5,4,5,5,5,5,5,5,3,2,2,1,5,5,5,5,5,2,5,4,4,3,1,3,2,5,5,4,3,3,3,5,4,3,4,5,5
2,0,0,0,3,1,2,1,5,3,2,3,4,4,3,4,4,2,3,4,4,4,4,3,5,3,3,4,4,3,4,4,4,2,2,4,3,3,3,4,4,2,3,4,3
2,0,0,1,1,1,2,1,1,4,3,3,3,3,4,3,3,3,4,4,3,3,4,3,3,3,3,3,3,3,3,3,3,4,3,3,4,3,3,3,3,3,3,3,4
2,0,0,0,3,0,3,0,5,3,4,4,4,4,3,4,4,5,4,4,3,3,3,2,3,3,3,2,2,3,2,2,3,4,3,3,3,3,3,4,4,4,4,4,3
2,0,0,0,3,0,2,0,5,2,2,2,4,2,4,4,3,4,2,5,3,4,2,3,4,4,4,3,3,4,3,2,4,2,3,3,2,4,2,4,3,4,2,4,4
2,0,0,0,3,0,3,1,1,3,4,4,4,4,3,3,4,2,2,4,2,5,4,4,4,3,3,2,2,2,4,5,5,5,5,5,5,5,5,2,2,2,1,2,2
2,0,0,0,2,1,2,0,5,3,3,4,4,3,5,4,4,5,5,5,5,5,5,3,3,3,4,4,3,4,3,4,4,3,4,4,4,3,4,3,4,4,4,4,4
2,0,0,1,3,0,2,1,5,4,3,2,5,5,5,3,4,3,3,4,2,4,1,3,4,2,3,4,3,4,2,5,5,2,3,3,4,4,3,5,4,4,3,4,4
2,0,0,0,2,1,2,0,1,4,1,3,4,4,1,4,4,3,3,2,4,3,2,1,2,2,1,3,2,2,3,3,2,3,3,2,2,4,3,2,1,3,3,3,1
2,0,0,0,1,0,2,0,4,3,4,4,4,5,5,4,4,2,1,2,1,5,2,3,2,2,4,4,3,4,5,5,4,4,4,4,3,3,4,4,5,5,4,4,4
2,0,0,1,3,0,2,0,5,2,1,5,5,5,5,4,3,4,4,5,5,3,2,2,1,1,1,4,3,4,2,3,3,4,2,4,3,3,4,3,4,4,3,4,4
2,0,0,1,3,0,2,1,5,5,3,4,4,5,5,5,3,4,3,4,3,5,5,3,5,3,3,4,4,4,3,3,2,2,2,3,4,4,3,5,5,5,3,3,4
2,0,0,0,3,0,2,1,1,1,1,2,4,4,4,4,4,5,1,4,3,4,2,5,5,2,2,4,2,2,4,4,2,4,4,4,5,4,2,3,4,4,2,5,3
2,0,0,0,3,0,3,0,5,2,1,2,3,2,5,5,4,5,3,4,1,3,2,2,4,4,3,3,3,3,4,4,4,2,2,2,3,3,3,4,4,4,4,3,4
2,0,0,1,3,0,2,1,5,3,2,3,4,4,3,3,3,3,3,3,3,3,4,4,4,3,4,3,3,3,2,2,3,3,3,3,3,3,3,3,3,3,3,4,3
2,0,0,0,2,0,2,0,1,1,1,4,5,5,5,4,5,4,5,5,3,5,5,5,5,5,5,4,5,4,5,4,3,4,5,3,3,4,5,4,4,4,4,3,4
2,0,0,0,3,0,3,0,5,3,2,3,5,5,5,5,3,4,4,4,3,3,3,3,3,3,3,4,4,4,3,3,3,3,3,3,3,3,3,3,3,3,4,4,4
2,0,0,1,3,1,2,1,5,3,4,4,5,5,5,4,5,3,2,4,3,2,2,1,1,4,4,3,5,4,4,5,5,3,2,2,3,3,3,4,4,4,3,3,3
2,0,0,0,3,0,2,1,5,4,4,5,5,5,5,5,5,2,2,4,1,5,5,5,5,3,5,3,3,4,2,5,5,2,3,4,4,4,4,2,3,3,2,2,2
2,0,0,0,3,0,2,0,5,3,4,4,4,4,4,4,5,3,3,3,2,4,3,3,4,3,4,4,4,4,5,4,4,2,3,4,3,3,2,4,4,4,2,3,1
2,0,0,0,3,0,3,0,4,3,4,3,2,3,4,4,4,3,4,4,4,3,3,2,3,3,3,3,3,3,3,4,3,4,4,4,4,4,4,4,4,4,3,4,3
2,0,0,0,3,0,3,1,5,4,4,4,5,5,5,5,1,4,5,4,4,4,3,5,4,4,3,4,2,4,4,5,4,4,1,4,4,4,3,2,2,2,2,3,2
2,0,0,1,2,0,2,0,2,2,4,3,3,3,3,4,4,4,5,4,3,2,4,3,3,4,4,3,4,2,4,4,3,4,3,5,4,4,5,4,3,4,3,5,4
2,0,0,0,1,0,2,1,5,3,4,4,4,4,4,4,4,4,4,3,3,5,5,5,5,3,5,4,3,3,3,5,5,5,5,5,5,5,5,4,3,2,1,3,2
2,0,0,0,3,0,2,0,1,1,2,3,4,4,4,4,5,2,4,4,4,2,1,1,1,4,4,3,3,3,4,5,5,4,4,4,4,4,3,5,5,4,3,3,3
0,0,1,0,3,0,2,0,5,3,4,3,5,4,5,2,4,1,2,4,1,4,3,4,4,3,4,4,3,3,5,4,4,5,4,3,5,2,4,4,3,4,2,3,2
0,0,1,0,3,0,2,0,1,1,1,1,1,1,1,1,1,5,5,5,4,3,2,3,3,4,3,3,3,3,2,3,2,3,2,2,2,2,2,4,4,4,4,4,4
0,0,1,1,3,0,2,1,5,3,4,4,5,5,5,4,4,4,3,4,4,4,4,4,4,5,5,3,2,3,5,4,5,4,4,4,4,4,4,3,3,3,2,3,2
0,0,1,0,3,1,3,0,5,3,5,4,5,5,5,5,5,2,2,2,2,4,3,4,5,3,3,3,4,3,2,3,4,5,4,5,2,3,3,3,3,4,2,3,2
0,0,1,1,3,0,2,0,5,3,4,5,5,5,4,5,4,4,5,2,1,4,4,4,5,4,5,4,4,4,5,5,5,4,4,4,4,4,4,5,5,5,4,4,4
0,0,1,0,2,1,2,0,5,1,2,3,4,2,4,2,3,4,3,3,2,5,4,4,3,3,4,4,3,2,2,4,4,2,3,4,3,2,2,4,3,2,2,4,4
0,0,1,0,3,0,3,0,5,3,2,3,4,4,5,5,5,4,4,3,1,5,5,4,5,3,4,3,3,3,4,5,5,2,3,4,5,5,5,4,4,4,3,3,3
0,0,1,1,3,1,2,0,5,3,2,5,5,5,5,5,2,2,1,2,1,5,5,5,5,3,5,4,3,4,2,5,4,4,2,4,3,2,1,2,4,4,3,4,1
0,0,1,1,3,1,2,1,5,4,4,4,4,4,4,4,4,3,2,2,3,4,3,4,4,3,3,3,3,3,3,4,4,3,3,3,3,3,3,4,3,3,2,3,2
0,0,1,0,3,0,3,0,1,2,4,4,5,4,4,1,4,2,2,2,2,4,4,4,5,5,5,2,2,4,4,4,4,2,2,2,2,2,2,4,4,4,4,4,4
0,0,1,1,3,0,2,0,1,2,3,3,4,3,5,4,4,3,2,5,4,5,4,4,4,3,3,3,3,3,4,4,4,4,3,4,4,4,4,4,3,4,2,3,2
0,0,1,1,3,0,2,1,5,4,2,3,5,3,1,1,1,2,1,5,1,3,3,5,4,2,2,3,1,4,4,3,3,2,4,2,3,3,3,4,4,4,3,3,3
0,0,1,0,3,0,2,0,4,2,1,1,4,4,4,4,4,2,4,4,2,4,4,4,4,3,4,2,2,2,4,4,4,4,4,4,5,4,4,3,3,3,2,3,2
0,0,1,0,3,0,3,0,5,2,1,3,4,3,2,3,1,4,4,5,4,4,4,4,4,2,3,4,3,3,2,3,2,2,2,2,3,3,3,5,4,4,4,3,5
0,0,1,1,3,0,2,1,5,4,5,5,5,3,2,2,1,1,1,3,1,4,2,5,5,4,4,4,4,3,5,5,5,2,2,2,3,2,2,1,1,1,1,2,3
0,0,1,0,3,0,2,0,5,3,3,3,4,3,3,5,4,5,4,5,5,5,4,5,5,2,5,3,2,2,5,5,5,5,5,5,5,5,5,3,2,2,1,1,1
0,0,1,0,3,0,2,0,2,3,3,2,4,4,4,3,4,2,2,3,3,4,3,5,5,4,3,4,4,4,2,2,2,1,1,2,2,1,2,3,3,3,4,4,3
0,0,1,0,3,1,2,1,5,4,3,5,5,5,5,5,5,2,2,3,1,5,4,5,5,3,3,3,3,3,4,4,4,4,4,4,3,3,3,2,3,3,2,3,3
0,0,1,0,3,0,2,0,3,3,4,4,4,5,5,4,4,2,2,2,2,4,3,3,3,2,3,3,3,4,3,2,2,3,2,3,3,2,3,2,3,3,4,4,4
0,0,1,0,3,0,2,1,5,4,3,3,4,4,3,4,3,4,3,3,4,5,4,4,5,3,3,4,4,4,4,5,4,3,3,4,3,3,3,4,3,3,2,3,2
0,0,1,0,3,0,3,0,5,3,3,5,5,5,5,5,5,3,3,3,5,5,5,5,5,3,4,4,4,4,3,4,3,2,4,4,3,4,4,4,3,3,2,4,2
0,0,1,0,1,0,3,0,4,3,2,2,2,3,4,5,3,5,2,4,5,5,4,4,4,4,4,5,4,4,5,4,3,2,2,2,1,2,2,4,4,5,5,4,4
0,0,1,0,3,1,2,1,5,3,4,3,4,4,5,2,4,4,3,4,4,4,4,2,4,3,4,4,3,4,4,4,4,4,4,3,3,3,3,4,4,4,3,4,4
0,0,1,0,3,1,2,0,5,3,2,4,4,4,4,2,4,4,5,4,5,5,4,4,4,2,3,2,2,4,2,4,2,2,2,3,2,4,3,4,4,2,4,4,4
0,0,1,0,3,0,2,0,5,3,2,2,4,2,5,5,2,2,1,3,1,5,4,4,5,3,3,4,4,4,5,5,2,2,2,2,2,2,2,4,3,3,4,4,5
0,0,1,1,3,1,2,0,5,2,1,1,2,3,4,4,3,4,2,4,3,5,4,4,4,3,3,3,2,3,4,4,4,3,3,3,4,3,2,2,2,2,3,3,2
0,0,1,0,3,0,3,0,4,2,2,3,3,3,4,4,3,3,3,4,3,4,4,3,4,4,4,4,4,4,3,3,3,2,2,2,3,3,3,4,4,4,4,4,4
0,0,1,0,1,0,2,0,2,2,2,4,4,4,5,4,4,3,3,4,4,3,5,3,5,5,4,4,4,3,5,5,5,5,5,5,5,4,4,4,5,4,3,5,4
0,0,1,0,3,0,3,0,5,3,2,3,4,4,4,4,5,2,2,2,2,5,2,4,5,2,2,3,3,2,3,4,4,2,2,2,3,3,3,4,4,4,4,3,4
0,0,1,0,3,0,2,1,5,3,3,3,4,4,5,4,4,5,5,4,2,4,3,2,3,1,2,3,3,3,4,4,5,5,3,5,3,2,3,4,3,2,2,3,2
0,0,1,0,3,0,2,0,5,3,1,2,4,3,4,4,4,4,4,3,3,4,3,4,4,4,4,3,3,3,4,4,4,4,4,4,4,4,4,4,4,4,3,2,2
0,0,1,1,3,1,2,0,5,2,4,4,3,5,4,4,5,3,2,4,2,5,4,4,4,3,3,4,3,3,4,3,2,2,2,4,4,3,2,4,4,5,4,4,4
0,0,1,1,3,1,2,1,5,4,3,4,4,3,4,3,5,1,2,2,4,4,5,4,5,3,5,3,3,3,4,4,4,4,5,5,5,5,5,4,4,4,2,2,2
0,0,1,0,3,1,2,0,5,3,3,4,5,4,5,4,5,4,4,4,4,4,5,4,4,3,3,3,3,4,4,4,5,2,4,4,4,4,3,4,4,4,3,4,3
0,0,1,0,3,0,2,0,5,3,2,2,4,4,5,4,4,2,4,3,1,5,5,3,4,4,4,3,3,3,2,2,4,4,3,4,2,3,2,4,3,3,2,3,2
0,0,1,1,3,0,2,0,3,2,2,3,4,4,2,2,2,1,1,1,2,4,4,5,4,3,3,2,2,2,4,5,5,5,4,4,5,4,4,1,2,2,2,2,2
0,0,1,1,3,0,2,0,5,2,2,3,5,5,4,4,5,4,5,5,3,5,2,4,5,4,4,4,5,5,5,4,4,2,2,3,2,2,2,4,4,5,2,4,2
0,0,1,0,1,1,2,0,5,3,1,2,4,4,5,5,5,2,2,1,2,5,2,3,4,4,5,4,3,4,5,3,2,3,3,1,3,4,3,5,4,4,4,4,3
0,0,1,1,3,0,2,0,5,3,4,4,5,5,3,4,2,2,2,2,4,4,5,4,5,2,3,2,2,2,5,4,4,4,5,4,5,4,4,2,3,3,2,2,2
0,0,1,1,3,0,3,0,5,3,2,3,5,5,5,5,5,1,1,1,2,5,4,5,5,3,3,4,3,4,3,5,5,2,2,2,2,4,2,4,4,4,4,4,4
0,0,1,1,3,1,3,0,5,2,2,2,5,4,4,5,4,4,3,5,4,4,3,4,4,3,2,3,4,4,3,4,4,4,3,4,3,4,4,4,4,4,4,4,4
0,0,1,1,3,0,2,0,5,4,2,4,2,5,5,5,2,5,1,4,2,5,5,5,5,3,5,2,3,1,1,4,2,4,5,4,2,2,2,1,1,1,1,1,1
0,0,1,0,3,1,2,0,5,2,2,5,4,5,5,5,5,2,1,4,2,4,3,2,2,4,4,4,4,4,5,5,5,4,5,5,4,5,5,4,4,4,4,4,5
0,0,1,1,3,1,2,1,1,4,4,4,5,5,5,4,4,2,2,1,1,4,3,4,4,3,4,3,2,2,3,4,4,1,2,3,4,3,3,2,2,2,2,2,2
0,0,1,1,3,0,2,0,5,3,3,3,3,4,4,4,2,4,3,3,4,5,4,4,4,4,4,4,4,4,3,4,3,2,3,3,2,2,2,4,3,3,3,4,3
0,0,1,0,3,0,2,0,5,4,4,4,4,3,3,2,2,2,2,2,2,5,4,5,5,4,3,4,3,4,3,3,3,3,3,3,4,4,4,4,4,4,4,4,4
0,0,1,0,3,1,2,1,4,2,1,3,2,3,3,4,5,3,2,4,2,4,5,4,4,3,5,4,4,4,3,4,4,3,4,4,4,4,4,4,4,4,4,4,4
0,0,1,0,1,1,2,1,1,3,3,2,3,3,2,3,2,4,2,3,2,3,2,4,2,3,2,3,2,3,4,2,3,4,2,3,4,2,3,3,4,2,3,4,3
0,0,1,1,3,1,2,0,5,4,3,2,4,3,4,4,3,4,3,4,5,5,4,5,5,2,3,3,3,3,4,4,4,4,4,4,4,4,4,4,4,4,3,4,3
0,0,1,1,3,0,3,0,5,3,2,2,5,5,5,4,5,2,2,2,4,5,4,4,4,4,4,3,4,4,5,4,4,4,5,4,4,4,3,2,3,2,2,4,2
0,0,1,0,2,1,2,1,1,5,4,3,4,3,3,4,3,3,3,4,2,4,2,4,3,2,4,4,2,3,2,3,4,3,2,4,4,3,4,2,4,4,2,4,3
0,0,1,0,3,0,2,1,4,3,2,2,1,3,4,5,5,5,3,4,4,5,4,5,5,2,2,4,4,5,3,2,4,4,4,4,4,3,3,5,5,5,4,4,3
0,0,1,0,1,0,3,0,5,3,3,4,4,4,4,4,4,4,4,2,2,4,3,3,3,3,3,3,2,4,4,4,5,2,4,4,5,4,4,2,3,3,4,4,3
0,0,1,1,3,0,4,0,3,1,1,1,4,2,2,2,1,4,4,4,4,4,3,3,3,3,4,3,3,2,4,4,2,4,4,4,4,4,4,2,2,2,3,3,3
0,0,1,1,3,1,2,1,5,3,4,2,4,3,3,2,1,2,2,2,1,4,2,4,5,2,4,1,2,2,4,4,3,2,2,3,3,3,4,2,4,4,1,2,1
0,0,1,0,3,0,2,0,5,2,1,2,5,5,5,5,3,4,4,5,4,5,5,5,5,4,5,4,4,4,5,5,4,4,5,5,2,4,2,5,4,3,4,4,4
0,0,1,0,1,1,3,0,5,4,5,5,5,5,5,3,5,1,3,2,4,5,4,5,5,4,5,5,5,5,3,3,4,2,2,2,2,1,2,3,4,4,4,4,4
0,0,1,0,1,1,2,1,5,3,4,3,5,4,5,4,5,4,1,3,2,4,2,4,4,4,3,4,3,3,2,5,5,3,4,4,2,2,2,3,3,3,3,3,2
0,0,1,0,2,1,2,1,2,3,3,2,4,3,4,1,3,5,5,5,5,5,5,5,5,5,5,3,3,3,4,3,5,5,4,5,4,5,5,3,3,3,2,2,2
0,0,1,1,3,0,2,0,5,2,3,4,4,5,5,5,4,3,3,2,3,5,2,3,4,3,5,3,4,3,5,5,5,4,5,5,3,4,4,2,2,2,2,3,2
0,0,1,1,3,0,2,0,1,2,4,4,4,4,4,4,3,3,3,3,2,4,3,4,4,2,2,3,3,3,4,4,4,4,4,4,4,4,4,3,3,2,1,3,1
0,0,1,0,1,0,2,0,5,3,2,3,3,4,4,5,4,4,3,3,3,4,3,5,5,4,4,4,4,4,3,3,2,3,4,4,3,3,4,3,3,3,4,4,4
0,0,1,0,3,0,2,1,5,4,4,3,5,5,4,4,5,4,2,5,4,5,4,4,5,4,4,4,3,4,5,5,4,2,2,4,4,2,2,4,4,4,3,2,1
0,0,1,1,3,1,2,1,5,3,4,4,5,5,5,4,4,4,3,2,1,5,4,5,5,3,3,2,2,3,5,5,5,2,5,2,3,2,3,4,3,4,2,3,2
0,0,1,1,1,1,3,0,5,3,4,4,4,3,4,5,5,2,2,2,3,3,2,3,3,4,4,4,3,3,3,4,4,2,4,2,2,1,3,3,3,3,2,3,2
0,0,1,0,2,1,1,0,1,2,3,5,5,5,5,5,5,5,5,5,5,5,5,5,5,5,5,5,5,5,5,5,5,4,5,5,5,5,5,5,5,5,5,5,3
0,0,1,0,1,0,3,0,4,2,2,2,4,4,4,4,2,4,2,5,5,5,5,4,4,4,5,4,4,4,4,4,5,4,5,5,2,2,3,4,4,4,4,4,4
0,0,1,1,3,0,3,1,5,3,3,3,4,3,4,2,2,2,1,2,1,5,4,5,5,3,2,3,3,3,4,4,3,3,2,2,2,1,2,4,3,4,2,4,3
0,0,1,0,1,0,5,0,5,3,3,2,2,2,4,4,4,3,3,3,3,2,4,2,3,3,3,2,3,3,2,3,4,4,2,2,4,3,2,3,4,2,3,3,3
0,0,1,0,3,0,5,0,5,3,4,3,4,3,4,3,2,4,2,3,2,4,3,2,3,2,3,3,4,4,5,4,5,3,4,3,2,3,2,4,4,4,4,4,4
0,0,1,1,3,1,4,0,5,3,2,1,2,1,2,3,1,5,4,5,5,5,5,5,5,4,5,4,4,5,4,3,1,3,3,3,3,3,3,4,4,4,5,5,4
0,0,1,0,1,0,2,0,5,3,1,3,4,4,3,4,4,3,4,3,4,4,3,3,4,3,4,4,4,4,3,3,4,3,3,3,4,4,4,3,3,3,3,3,4
0,0,1,1,3,0,2,1,4,3,4,4,4,4,2,4,2,4,2,2,4,4,2,2,4,4,4,2,2,2,4,4,4,4,2,4,4,4,4,2,2,2,2,2,2
0,0,1,0,3,0,3,0,3,1,1,2,5,3,2,4,2,2,2,3,3,4,4,4,4,4,3,3,2,3,2,1,2,4,4,4,3,3,3,2,2,1,1,1,1
0,0,1,1,3,0,2,0,5,4,3,2,1,3,4,4,2,2,3,5,5,4,2,4,4,3,4,3,2,3,4,4,4,2,2,2,4,4,4,3,3,3,2,3,2
0,0,1,1,3,1,2,1,5,3,4,3,4,4,5,5,4,3,3,2,2,4,4,4,4,2,2,4,3,4,4,4,4,2,2,4,3,4,4,4,4,4,3,3,2
0,0,1,1,3,1,3,0,3,3,5,3,3,4,3,3,2,4,5,4,5,5,4,4,4,4,4,3,4,4,4,4,5,3,5,4,5,5,3,3,3,3,3,4,3
0,0,1,1,3,0,2,0,5,3,3,4,5,5,4,2,5,5,5,5,5,5,4,4,5,2,2,4,4,4,5,5,5,2,2,4,2,2,2,4,4,4,4,4,4
0,0,1,0,3,0,2,1,5,2,2,2,3,4,5,5,3,4,5,5,3,4,1,3,4,4,4,3,4,4,2,2,3,2,3,4,2,2,2,3,2,3,4,3,4
0,0,1,1,3,1,4,0,5,3,4,4,4,4,4,4,4,2,2,2,3,4,3,3,4,3,3,4,4,4,3,3,3,3,2,2,4,3,4,4,4,4,4,3,3
0,0,1,0,2,0,2,0,1,3,3,3,4,3,3,2,4,4,4,5,3,4,4,4,5,2,2,3,3,4,2,4,4,4,2,4,4,4,3,3,3,4,3,3,3
0,0,1,1,3,1,2,0,5,3,1,2,2,1,5,3,4,5,4,3,2,5,3,4,5,3,5,4,4,4,4,5,5,3,4,4,2,2,1,5,5,5,4,4,4
0,0,1,0,3,0,2,0,2,3,2,2,4,3,5,4,4,4,2,2,2,5,4,4,4,5,5,4,4,4,4,3,4,5,5,5,4,2,3,4,3,3,3,4,4
0,0,1,1,3,0,3,0,5,2,3,2,4,1,1,5,1,1,1,1,1,5,5,5,5,3,4,3,2,3,5,5,5,3,3,3,5,3,3,5,5,5,2,3,3
0,0,1,0,3,0,3,0,5,3,2,2,5,3,4,3,4,2,3,2,2,5,5,5,5,3,5,4,4,4,4,5,5,3,3,4,4,3,2,4,4,5,3,4,5
0,0,1,1,3,1,3,0,5,3,2,3,4,4,4,4,4,4,4,4,4,4,2,4,4,3,3,3,3,3,3,4,4,4,4,4,4,4,4,2,2,2,2,2,2
0,0,1,0,3,1,2,1,5,5,2,4,5,5,5,3,4,2,3,1,3,5,3,4,5,4,3,4,2,2,4,4,3,4,5,3,4,5,2,2,3,4,1,2,1
1,1,0,1,3,0,2,0,5,3,3,4,4,4,4,4,4,2,2,2,2,5,4,4,4,3,3,3,3,3,4,4,4,4,3,4,3,4,4,3,3,2,2,3,2
1,1,0,0,2,1,2,1,2,2,2,4,4,5,3,3,3,5,3,4,4,5,3,3,4,4,4,4,3,3,4,4,3,3,3,4,3,3,4,2,4,3,3,5,3
1,1,0,0,1,1,2,1,1,3,2,3,5,4,4,5,5,4,3,3,5,1,2,1,1,4,4,3,3,4,3,3,3,4,4,3,3,4,3,3,3,3,5,2,5
1,1,0,0,3,0,2,1,3,3,2,4,5,5,5,4,2,3,1,3,2,4,3,4,5,2,3,4,4,4,4,4,4,3,3,3,2,2,2,4,4,4,2,3,3
1,1,0,0,3,0,2,1,1,1,1,2,4,5,4,5,5,3,3,4,5,3,1,3,5,3,2,4,4,5,4,4,4,5,4,5,2,4,4,4,3,4,3,4,3
1,1,0,0,3,0,2,1,1,2,1,2,4,2,4,5,5,2,2,4,4,5,4,4,4,2,5,4,3,4,4,5,4,4,4,5,2,2,1,4,4,4,1,2,2
1,1,0,0,3,0,2,1,5,3,3,3,4,3,3,3,1,1,1,1,1,4,1,5,5,3,2,4,4,4,1,2,1,5,3,5,1,1,1,4,4,4,2,3,3
1,1,0,0,2,0,3,0,5,2,1,1,5,1,1,2,1,4,5,4,5,4,2,3,4,4,4,3,2,2,2,3,4,5,3,5,4,5,3,1,2,1,4,4,4
1,1,0,0,3,0,2,1,5,4,3,4,5,3,3,3,3,3,3,3,3,3,3,3,3,3,3,3,3,3,3,3,3,3,3,3,3,3,3,3,3,3,3,3,3
1,1,0,1,3,0,3,1,5,3,5,5,5,5,5,4,4,3,3,2,4,5,5,5,5,4,5,3,3,3,4,4,4,3,3,2,2,2,2,5,4,4,2,3,3
1,1,0,1,3,0,2,0,4,3,4,4,5,4,4,4,2,2,2,2,1,4,4,2,2,5,5,3,2,3,4,4,5,4,4,4,4,4,3,2,3,3,2,4,2
1,1,0,1,3,0,2,1,5,3,3,4,4,4,5,5,3,4,3,4,3,4,3,2,1,2,3,3,2,2,5,5,5,3,5,3,2,4,1,4,4,3,1,3,3
1,1,0,0,1,0,2,0,5,3,4,2,4,4,5,4,5,5,1,5,2,2,1,1,1,5,5,4,3,4,5,4,4,2,2,3,2,2,4,4,3,4,4,5,5
1,1,0,1,3,0,2,0,4,2,2,3,4,3,3,4,2,2,2,4,5,4,2,4,5,4,5,4,4,4,4,3,4,4,3,4,4,4,4,5,4,4,4,4,4
1,1,0,1,3,0,2,0,4,2,2,3,4,3,4,4,3,3,3,4,5,4,3,4,5,4,5,4,4,4,3,4,4,4,4,4,4,4,4,4,4,4,4,4,4
1,1,0,0,3,0,2,0,4,2,1,2,4,2,5,4,4,4,4,5,4,2,1,2,2,4,5,4,3,3,4,4,4,4,4,4,4,4,3,2,3,1,2,3,2
1,1,0,0,1,1,2,1,5,3,2,4,4,5,4,4,3,4,3,5,4,4,3,4,4,4,4,4,3,2,4,4,4,3,2,2,4,4,4,4,4,4,3,4,4
1,1,0,0,3,0,3,1,5,2,2,4,2,4,4,5,5,3,2,2,2,3,4,3,4,4,4,4,5,5,3,2,4,4,4,5,4,3,5,5,3,4,2,4,4
1,1,0,1,3,1,2,1,5,3,4,3,4,3,4,4,2,2,1,4,2,2,1,1,4,3,2,2,2,2,3,4,4,3,3,4,3,3,2,2,4,3,3,3,4
1,1,0,1,3,1,2,0,5,4,2,3,4,2,5,4,4,4,5,3,4,2,2,1,2,4,3,4,3,2,2,4,4,2,2,3,2,4,4,4,3,3,2,2,2
1,1,0,0,3,0,2,1,5,5,2,4,4,4,5,4,2,2,2,2,3,4,2,4,4,3,4,4,4,4,3,3,2,2,2,2,2,2,2,4,4,4,4,4,4
1,1,0,1,3,0,2,1,3,3,3,4,4,5,5,4,5,2,2,2,2,3,2,2,2,3,4,3,3,4,4,4,5,2,2,3,4,4,4,4,3,3,2,4,3
1,1,0,0,3,1,2,1,2,2,1,1,5,4,5,5,1,1,1,4,4,5,2,4,4,3,3,4,3,4,3,4,2,4,4,4,3,4,4,5,5,4,4,4,4
1,1,0,0,1,0,2,0,3,3,2,2,4,5,5,4,5,2,2,3,2,5,3,4,5,4,5,4,3,4,4,5,4,3,4,4,4,4,4,4,5,4,1,4,2
1,1,0,1,3,0,2,1,5,3,2,2,5,5,4,5,2,3,1,2,2,3,2,4,2,3,4,4,4,2,2,3,4,4,4,5,2,2,2,5,4,4,2,3,2
1,1,0,0,3,0,2,0,5,3,3,4,5,4,4,4,4,2,3,2,2,4,4,3,2,4,4,4,4,4,3,3,4,3,2,2,4,4,3,3,3,4,3,3,3
1,1,0,0,1,1,2,1,5,3,4,3,5,5,4,4,4,5,5,2,2,4,4,2,3,4,5,4,4,4,4,3,3,2,3,2,2,2,2,4,4,4,4,5,4
1,1,0,1,3,1,2,1,5,3,4,4,5,5,5,5,4,3,3,2,2,4,2,3,2,2,2,4,4,4,4,4,5,4,4,4,2,2,3,4,4,4,4,4,4
1,1,0,1,3,1,3,0,5,3,3,2,4,4,3,4,4,3,3,4,2,4,3,2,2,2,4,3,3,3,2,4,4,4,4,4,2,3,3,2,2,2,2,2,2
1,1,0,1,3,0,2,1,5,3,2,4,4,5,4,4,4,4,2,3,2,2,2,1,2,4,4,3,4,3,2,4,4,3,2,3,2,3,3,3,4,3,2,3,2
1,1,0,0,3,0,2,0,5,3,2,4,4,4,3,4,5,2,2,4,3,4,3,3,2,4,5,4,4,4,3,4,2,3,2,4,4,3,5,4,4,4,3,4,2
1,1,0,1,1,0,2,1,5,4,2,2,1,4,2,4,2,5,3,5,3,4,2,2,2,3,3,3,2,3,4,5,4,3,2,3,2,2,2,4,4,4,4,4,4
1,1,0,0,3,0,2,1,5,4,1,5,5,5,5,5,5,3,2,3,3,4,4,5,5,4,4,3,3,3,5,4,3,3,4,2,4,4,3,5,5,5,3,5,5
1,1,0,0,3,0,3,0,5,3,2,1,5,3,5,5,2,5,5,5,5,5,5,3,1,5,5,3,5,3,5,5,5,5,5,5,1,3,3,5,5,5,5,5,5
1,1,0,0,3,0,2,0,5,2,2,3,4,5,3,3,4,2,2,4,5,2,1,2,2,4,4,4,4,4,4,4,3,2,2,4,2,2,2,3,3,3,4,3,3
1,1,0,0,3,0,3,0,1,1,1,1,1,1,3,3,1,4,4,4,3,3,2,4,3,4,5,3,3,2,4,4,3,2,2,3,4,4,4,2,3,1,2,3,2
1,1,0,0,3,1,2,0,5,3,4,5,5,5,4,4,5,2,2,2,1,3,4,1,1,5,4,4,3,5,5,5,5,1,3,5,3,4,4,5,5,4,2,3,3
1,1,0,0,3,0,2,1,5,4,4,4,4,5,4,3,5,3,2,4,3,4,4,4,3,4,4,4,3,3,2,3,4,3,3,4,3,3,3,4,3,3,2,3,2
1,1,0,0,3,1,2,1,5,3,3,2,2,4,4,4,2,2,2,4,1,5,2,2,2,4,4,4,3,4,4,3,4,2,2,2,2,3,3,5,5,4,4,4,4
1,1,0,0,3,0,3,0,1,3,3,3,4,4,5,4,5,4,3,4,3,5,4,4,4,4,4,3,3,3,4,4,4,3,3,3,3,3,3,3,3,3,3,3,3
1,1,0,1,3,0,3,0,5,4,2,5,5,5,5,4,2,3,4,2,1,5,1,5,4,3,3,2,3,3,1,5,4,1,4,2,1,3,2,3,2,3,2,4,3
1,1,0,1,3,0,3,1,5,3,2,2,2,2,4,4,4,3,2,2,2,4,4,2,2,4,5,4,3,4,3,4,4,2,4,2,2,4,2,2,3,3,2,2,3
1,1,0,0,1,1,2,1,5,5,3,3,3,4,4,3,2,3,3,4,3,4,4,3,2,3,5,3,4,4,3,2,2,4,4,3,3,4,3,4,4,3,4,4,5
1,1,0,1,3,1,3,0,5,3,3,4,4,5,5,5,3,4,2,5,2,4,2,3,2,4,4,4,3,3,5,5,2,2,2,2,4,3,3,4,4,3,2,2,2
1,1,0,0,3,0,3,0,3,2,4,4,4,4,3,3,4,4,5,4,5,2,1,2,4,4,4,4,3,3,5,4,4,2,3,3,4,4,5,4,4,3,4,3,3
1,1,0,0,3,0,2,0,5,3,2,3,4,4,3,4,4,2,3,2,4,4,2,3,3,4,5,3,4,3,4,3,3,4,3,3,4,4,4,4,3,4,3,4,3
1,1,0,0,3,0,2,1,5,4,2,4,4,5,3,5,5,3,1,1,1,3,3,4,4,1,2,4,4,4,5,5,5,4,4,4,5,5,5,5,5,5,2,3,2
1,1,0,0,3,1,3,1,5,3,3,3,3,3,2,2,2,4,2,4,2,4,3,3,2,3,3,4,4,4,2,3,2,2,2,2,2,2,2,3,3,3,3,3,3
1,1,0,0,1,1,2,0,2,2,3,2,3,3,4,3,4,2,3,4,3,2,3,4,3,2,4,4,3,2,3,4,3,2,3,4,4,3,2,3,4,3,4,5,3
1,1,0,0,3,1,3,0,5,5,4,4,5,4,5,5,4,2,4,4,4,5,4,4,5,4,5,4,4,4,5,5,4,5,4,5,4,5,5,4,4,5,5,4,5
1,1,0,0,1,0,4,0,5,3,2,5,4,4,4,4,4,3,4,4,3,4,4,2,3,4,3,4,4,3,2,4,4,3,2,3,3,4,3,4,3,4,3,4,4
1,1,0,0,1,0,3,0,5,4,3,4,4,4,5,4,5,2,3,4,3,5,4,5,5,5,4,4,4,4,5,5,3,3,3,4,5,4,5,5,5,4,3,3,2
1,1,0,0,3,0,2,1,5,2,3,2,4,5,5,4,3,3,2,2,1,4,1,3,2,4,4,3,3,4,5,4,4,2,3,4,2,1,1,3,4,4,3,4,3
1,1,0,0,3,1,3,0,5,4,4,5,5,5,4,4,4,4,3,4,4,4,3,4,3,3,3,3,3,4,3,5,4,3,5,3,4,4,4,5,5,5,2,3,3
1,1,0,0,3,0,2,0,1,1,2,3,4,4,4,4,4,5,4,3,2,5,4,3,3,4,4,4,4,4,3,3,3,4,4,3,4,3,4,3,3,3,4,4,4
1,1,0,1,3,0,3,1,5,4,3,4,4,4,4,3,3,2,2,3,2,4,3,2,2,3,3,4,3,3,4,4,4,2,3,4,3,2,2,4,4,4,2,4,2
1,1,0,1,3,1,3,0,2,3,2,2,3,3,5,5,4,4,5,5,5,2,2,2,2,4,5,3,3,3,3,4,4,5,5,5,3,2,3,3,3,3,4,3,4
1,1,0,1,3,0,2,1,5,3,2,4,5,5,5,4,4,2,2,4,4,5,5,5,5,5,5,2,3,3,5,4,5,4,4,4,2,4,4,4,2,2,2,4,2
1,1,0,1,3,0,2,0,5,3,3,3,3,3,3,3,3,3,3,3,3,3,3,3,3,3,3,3,3,3,3,4,4,4,3,3,3,2,2,3,3,3,3,3,3
1,1,0,0,1,0,2,1,5,3,5,4,4,5,4,4,4,3,2,3,2,4,3,4,4,2,3,4,4,4,4,4,4,3,3,4,2,2,2,4,4,4,4,4,4
1,1,0,1,3,1,2,1,5,3,2,4,4,4,4,4,5,3,4,3,1,4,2,5,5,2,3,4,3,4,2,2,3,4,4,5,2,4,4,5,4,3,4,4,3
1,1,0,0,3,0,2,0,5,3,3,2,5,5,5,5,4,4,4,4,2,2,1,1,1,4,4,2,2,2,5,5,5,5,3,5,5,5,5,2,3,4,4,3,3
1,1,0,0,3,1,2,0,4,3,2,3,4,5,5,3,5,2,3,3,4,4,1,4,5,3,4,3,3,4,4,4,4,3,3,4,2,3,3,4,4,4,4,4,4
1,1,0,0,3,1,3,1,5,5,3,5,5,5,5,5,5,2,1,1,1,5,4,4,3,3,3,3,3,3,5,5,5,3,3,3,2,3,1,3,3,2,1,1,3
1,1,0,1,3,0,2,1,5,4,4,4,5,4,4,3,2,3,2,4,1,5,3,1,3,4,4,3,3,4,2,4,4,2,2,3,2,3,3,4,4,4,2,2,2
1,1,0,1,3,0,2,1,5,3,2,2,2,3,4,4,4,4,3,4,4,3,3,3,3,3,2,3,3,3,4,4,4,3,3,3,3,3,3,3,3,3,2,3,2
1,1,0,0,3,0,3,0,5,3,2,2,3,5,4,4,3,5,5,4,4,5,5,5,4,4,5,3,3,4,5,5,5,2,2,3,4,4,4,5,5,5,5,5,4
1,1,0,0,3,0,3,0,5,3,4,4,4,5,4,2,3,3,4,5,5,5,2,5,5,5,5,4,4,4,4,5,4,2,2,3,3,2,2,5,5,5,3,4,4
1,1,0,0,3,0,4,1,5,4,3,4,4,3,3,3,2,2,2,4,5,5,4,5,5,3,4,4,4,4,5,4,3,4,4,4,4,4,4,5,5,5,2,2,3
1,1,0,0,3,1,2,0,4,3,3,2,4,4,5,5,4,2,2,1,2,5,2,4,4,5,5,4,4,4,2,2,2,4,4,4,5,4,4,4,3,4,4,5,5
1,1,0,0,3,0,2,1,5,2,2,2,4,4,5,5,4,4,3,4,3,4,2,3,3,4,5,4,4,4,4,4,4,4,2,4,3,2,2,5,4,4,4,4,4
1,1,0,1,3,0,5,0,5,2,3,3,4,4,5,4,5,4,2,2,2,3,2,3,3,3,3,4,4,4,4,4,4,2,2,2,2,2,2,4,4,4,4,4,4
1,1,0,1,3,0,2,0,5,2,2,3,2,4,4,4,4,5,4,4,4,4,4,4,2,4,4,4,4,4,2,4,4,2,2,3,2,2,3,4,4,2,4,4,4
1,1,0,1,3,0,2,0,5,3,4,4,5,5,5,1,4,3,4,4,4,4,4,3,2,5,5,3,3,4,4,4,4,3,4,4,2,2,2,4,4,4,2,3,2
1,1,0,0,1,0,2,0,5,3,2,3,5,4,5,5,5,4,4,4,3,5,4,4,3,5,5,4,4,4,5,4,4,3,3,4,4,4,4,4,4,4,2,3,3
